15047
1725
34180
95572
4400
9802
55246
1574
78985
30439
12180
55883
31486
70568
58917
63303
33890
41855
81099
36346
324
88394
44667
26869
88297
10892
37243
55531
57616
32222
52451
92182
81077
28100
93372
11447
89519
22160
48846
94953
82670
69653
26241
30776
47811
17573
80839
95702
1807
1335
61426
23111
75252
74174
52009
52026
78403
30274
10975
96818
36097
93645
12562
52589
72149
59733
76407
93608
63194
34496
61943
58612
33601
57271
95877
9260
36356
71644
22192
24292
16267
61644
60189
412
41896
2098
27897
5173
82113
62415
97614
10548
20301
32932
99723
21857
32417
78520
86990
11572
22827
60281
17981
45669
31688
2661
11335
11367
58696
2376
77727
30448
77204
41547
75147
37978
92665
6712
77928
56731
39283
79402
3229
36224
96244
77110
99220
29885
17493
59997
15663
8927
9598
10203
13667
76421
91861
52022
89823
1860
85139
26644
20873
86146
80805
21121
6779
88372
36420
23942
85523
21434
16606
52453
30243
79381
13775
21127
69611
15315
19971
11198
3443
59030
21594
95980
52796
96059
60719
37476
19501
83098
35240
99161
72513
95711
22654
28542
18307
13568
21095
48442
14534
40834
19890
97022
50815
39792
92344
97130
4545
53653
2407
11622
99676
63246
83385
58754
78801
9999
24957
9809
33068
80797
60042
1650
74260
88428
84701
74990
65232
34280
1794
1550
74633
89636
53296
52993
22357
26579
231
33688
11735
16406
3788
64316
377
93693
99865
45963
28776
82712
20753
44503
91896
23088
70712
59173
89450
10340
41790
84896
52015
28438
68628
38288
59684
35952
12572
35859
65944
15003
55871
55838
43037
17328
19973
52223
48121
67846
22165
1793
56155
14779
79373
5459
82824
75111
7090
85620
75553
42634
81900
12896
6781
2483
25467
53623
18511
2496
53545
63180
36765
31666
24730
30158
6986
39105
2904
41147
16092
23985
3400
41294
84225
6129
44968
5724
19322
2360
34555
10444
10589
96002
57334
23135
5935
74591
51332
79981
85403
73050
82400
12531
68528
56587
10922
24471
89974
95266
62574
78271
26885
35105
84434
66195
43077
36891
51617
33019
92594
46000
51718
30647
42644
62308
32622
18463
42071
47916
94242
60552
40097
3743
84613
17190
78013
52877
49227
98362
44612
41340
47537
88379
42310
50211
77039
74969
51391
9471
29593
33242
74116
35073
14161
55296
69281
75512
59655
90842
24906
98212
14814
8096
24715
57189
7765
38715
48577
54304
72755
86172
88213
79482
78963
24724
57150
40385
49005
49836
99173
86522
53697
44786
37440
31842
63776
80219
58060
82661
31354
12026
19555
56337
7635
54901
7540
93429
79881
16390
96822
96776
8917
12224
87319
87138
46649
90980
99024
54234
54022
91279
85412
52317
47771
22623
17082
75044
19943
94944
77272
2799
59569
60348
90598
33045
29094
43528
47878
83345
37672
86511
63021
53523
46003
46131
45207
73011
11225
7241
57864
43918
49446
29458
73278
44756
52651
72927
91974
44232
17523
62706
87041
72740
86929
23649
34973
12148
40356
9064
88569
39941
50752
19138
21846
11239
20540
39036
88995
98367
13848
75794
14750
57833
35102
60955
22104
28679
72525
87020
1019
6099
85087
36514
13640
24330
48705
22952
19857
64758
90202
46946
93310
82030
24103
97050
95400
23643
88319
49307
53713
59594
79497
24870
60432
85319
80403
8431
9517
82120
5956
11925
64760
94525
71684
30272
16401
98990
61374
35308
26160
1668
35066
68648
37458
55511
13591
45500
64326
84619
76314
71243
56929
13060
43310
84390
44285
86675
50983
24484
3919
83768
76895
43748
5083
54472
97356
35909
74803
97318
35074
3658
34598
45634
92999
89684
58445
89205
11466
44345
415
32883
22568
71646
59295
22655
21261
35522
82058
70179
361
80459
75493
71989
54878
69768
26820
40251
70000
37359
42963
82159
15683
55657
84297
38595
45555
54764
32039
19664
9514
88316
96852
72782
19443
94682
19679
54736
99521
21435
71158
82614
42443
96992
84393
87237
17331
58937
99772
34467
8761
81048
72388
25320
76720
97296
73521
71594
74034
28232
289
77117
43165
66775
27127
89076
2467
76021
89069
48298
64368
22864
87253
16627
44799
34614
73965
8108
14238
22433
55104
41373
37870
39897
83360
86939
62475
59849
67262
79896
92844
44031
40350
3597
24557
42430
49768
3944
25176
51211
41627
55999
43227
9320
73170
25542
86450
75653
57828
36662
37934
1285
29090
73427
65031
97661
45847
79120
505
21207
30139
24390
38475
39194
83265
54458
26398
59402
59879
26132
92619
72320
21019
79673
93350
24337
84747
15191
55604
4731
88971
78309
8329
82999
96722
22745
38513
34346
12078
49553
62188
51079
86282
22103
61583
97539
14599
31511
51852
79676
2439
94701
7964
93213
56580
69508
65509
11829
72339
4191
48057
14268
74777
41371
63271
9191
13081
69914
61280
14986
71044
26002
96453
3019
62322
28076
28241
43823
49792
79766
25494
98267
28640
76430
77390
40932
70454
27081
65887
82209
9386
80003
81552
18123
20085
46476
1347
48497
70837
18404
521
42507
92748
88505
80382
77841
92385
50590
75339
84243
18917
73863
20067
85444
28176
39268
27683
73192
40519
86557
97682
28441
14197
25417
80970
17668
4493
77587
9641
28033
37761
40463
13053
74439
14370
89772
42790
74292
79514
99120
77654
31179
657
64029
56350
23494
95999
42050
53494
9256
48132
45015
57745
39971
16554
38468
99424
57152
75232
22330
82543
53985
28699
57443
86874
32365
16334
79317
66336
28953
55286
97580
35827
49935
72946
27463
39181
44717
61560
4726
45238
94595
97652
67585
36317
55100
98452
70371
99207
97253
43608
47843
25479
75427
44764
14493
27878
56190
21304
36898
89382
77730
50042
82133
19594
60872
40264
74190
76424
75260
89898
99412
52144
40021
46234
46692
37244
18998
36045
44711
62159
12598
70015
22905
40761
63157
61081
21295
32835
90068
53966
43483
2539
79045
73035
92148
47228
36067
51241
47613
10320
52192
21764
81177
30930
97568
94727
71020
43544
64451
11517
60655
74547
98703
27947
91800
55577
46342
74384
19408
98480
43604
51330
85625
65326
83450
58265
25632
63232
52020
97922
20037
73578
31786
97175
54092
82101
72894
8170
6145
81315
33174
46842
80443
91263
40247
30775
85313
9964
16282
41687
64185
45466
58068
78656
48417
3200
20591
3215
65153
67742
8859
69067
80449
42496
8650
11293
87059
58228
43822
46238
33500
79321
24799
97206
58786
3995
64251
43551
72781
39786
46286
6994
48495
81752
60592
10708
71722
12354
61555
54873
447
49203
14347
98104
16109
14602
29179
66888
25376
85875
72756
62095
70711
94634
78951
95066
54271
30853
84682
27138
51966
81509
7029
76273
19687
34270
42600
93467
21226
17827
95652
6701
3840
72137
72860
99475
31335
26972
53018
28809
46317
47879
10158
99246
8598
76034
77765
75159
102
42924
21508
30521
54268
40314
67172
81586
99123
27630
95315
85450
10207
30517
18548
62198
19662
45468
4788
26686
66521
62983
35908
48259
44671
95749
69637
98687
11306
78095
85734
54226
94252
14656
82917
55234
39630
49758
46776
31518
89473
56809
52997
65330
49339
39848
6842
4072
11893
13461
8642
23531
65348
95015
73782
47396
60411
23050
95062
74409
16201
10053
72266
16557
43023
89087
27116
71583
99708
42327
26335
57404
10540
17753
20998
52271
38166
79254
45172
77798
52069
11853
44220
98394
87688
71942
8989
65639
38625
94046
887
93513
54448
77052
58205
1902
63947
69746
71786
55879
11223
72583
97777
44260
56317
99987
96270
26761
32674
80700
38484
42186
11555
55998
69427
28763
4813
14052
37837
6509
18589
15160
46555
74391
97203
46880
81110
13269
70410
60668
37735
50594
152
56686
86901
8169
87537
21284
26665
96831
25246
4500
197
97000
40556
37472
78563
49101
9102
36799
98797
74435
9586
48151
43993
21173
98171
23911
45650
76470
46164
37033
91811
26985
36166
61055
57556
66735
46163
57286
66641
26936
18836
99416
67214
58365
81885
95675
62901
10139
19384
1599
36139
83403
45884
21105
34651
18739
20159
45430
3576
45906
91497
68766
2790
51468
98966
91348
84673
40486
20214
19783
44217
76832
34473
10193
2883
2719
44388
81012
64242
20537
58150
94441
55801
43107
14172
60562
96022
49967
4155
12724
1121
5722
73412
3872
18418
52767
41972
51321
37733
60549
96794
18046
47974
61134
67713
79383
66466
88658
22272
22205
49278
65314
6855
60057
79374
89848
31187
57055
62830
76965
91180
9913
54179
24082
44701
75999
47935
30509
38107
80076
64766
16939
36500
27175
51684
37126
25309
55823
29949
23396
12466
64738
22900
74648
85150
42539
92216
12030
76725
89956
94417
72278
34893
53595
1106
62035
76268
59164
8718
57222
34214
63680
44112
3267
9257
80105
64946
9324
49637
8950
99212
87902
10597
88813
36894
67551
83123
44174
12090
3838
68736
48961
86422
67034
57870
23797
831
54849
86716
42500
20138
68632
27346
1734
15869
91229
30295
16368
58758
22941
24521
62719
21770
87024
40458
36411
37221
17052
3852
23166
98067
23174
98187
76237
21009
45357
12428
97544
92468
16051
55891
90711
83992
48601
44351
27834
27479
19884
9197
26610
69323
39958
57631
1230
25669
57647
87899
29285
11931
11062
38752
29940
35369
96076
33363
82018
96443
1514
21470
55363
78319
32178
70546
96266
58995
66243
32142
10396
66159
76548
79670
2615
95186
51109
65745
29628
70899
79020
94678
73890
12241
81992
68096
59519
99626
53917
61554
44630
75202
36412
14217
56066
90371
4799
73921
76305
52238
53347
91255
24143
86542
74311
26058
63866
82100
54718
6643
4224
24575
22858
80592
11079
99515
85691
10443
84213
81225
58329
90955
70058
85662
12082
89693
48035
2272
76125
70181
46886
11586
6652
9986
85573
33331
16676
16353
11178
56016
97730
66919
79616
53428
82037
96834
8854
76609
45832
65198
9506
95545
39894
44089
89994
38079
25794
71675
3454
5908
32863
52789
39475
2019
52274
24650
76084
55719
55623
39738
82986
82864
24808
51010
9174
19786
84774
96261
13567
84365
82526
47661
22722
72679
69278
14362
69254
16142
98237
70257
61854
76830
69763
24410
216
51004
97297
79125
12973
57977
72646
54728
19441
84394
128
65798
96969
82470
97841
44873
33106
58568
51176
46277
15952
5071
73314
31817
96263
9223
84452
95261
14300
30644
24597
16795
25849
61608
14578
81356
43685
58300
88672
27634
5582
3155
79468
98911
68636
54763
87461
54879
79684
2153
95670
1191
60122
91844
81018
97751
93484
68554
89756
16168
35600
53715
88909
63171
93471
6430
53885
88943
35453
89426
71580
55664
1855
98742
91230
18633
41252
3884
12001
80519
94422
30608
71347
94774
77534
2536
25928
35591
77491
88947
2899
15715
83059
23089
57794
12630
88496
99333
74487
38140
74422
48103
41970
99813
75139
72598
63181
44585
63566
16934
83003
56560
15831
39196
56944
5550
46672
36064
83825
27869
10902
67964
50860
25796
48105
96429
47475
66457
70119
73062
95726
98963
66153
24714
91519
44979
19233
38047
9322
19813
80283
79096
54735
70184
2999
80287
20722
54
81849
72896
29426
82060
19356
29294
38963
41514
61792
84772
50327
85687
95198
89782
41482
53858
57357
51644
98399
16930
14901
2665
65621
31313
5425
53081
24825
12447
56830
61314
50879
84069
44185
91979
12443
25985
93345
84951
86095
94396
67324
95199
97782
20369
83883
20976
77885
82085
29895
65161
4708
93076
28923
30178
87433
27656
21475
15902
14311
76590
98657
70740
78978
8449
41519
955
12831
8574
69765
22741
70085
52800
49749
63137
97409
61097
73336
68346
12586
19977
18959
15016
35456
64622
85511
8607
23361
57274
4569
53826
23425
8660
8303
20302
41554
87784
66569
20040
22429
54202
98096
16405
98531
49731
33796
25303
38226
34174
90445
4130
9211
11238
82433
43566
67083
45301
91815
44403
12740
13673
40489
92490
63539
29464
61970
37904
91225
48302
55474
74557
15420
55452
62248
60215
57972
61978
22888
89877
58827
43887
48039
84426
21913
23593
11847
34780
45612
47696
51768
37748
78540
27765
69755
27465
86906
61346
85907
70955
18617
68886
24358
3040
76234
43811
91675
37410
17307
25850
62051
52237
79972
76208
7109
1343
67100
34964
77978
55179
73997
73592
13523
74854
15643
24277
59925
17758
81535
27230
95587
61006
87356
19986
22112
34869
95078
98558
80705
46577
19330
13699
97034
88853
81368
41362
93916
11370
33090
2352
63890
47073
9029
69789
72956
53792
24837
81294
97869
32732
88108
7186
7438
88047
6318
67230
10439
56073
23329
81998
79268
8331
24119
66562
18611
49030
11056
7818
24053
30876
60909
83661
34189
5377
25288
17026
25334
49356
12650
16896
38218
27105
65237
96500
56799
11647
31789
44216
29556
9045
2130
73018
11035
44587
6304
41982
83185
314
78469
57458
94883
72537
3672
43888
96469
53461
35155
34965
89611
54300
46823
45991
67597
24962
47030
30361
58851
34595
10859
18443
53626
58617
61785
45709
90509
16514
49865
87479
8559
58824
30798
48074
61095
74636
48871
34277
45516
85481
18628
69445
29776
31916
14586
84331
11464
16530
35439
82662
61343
29126
82419
65549
9922
20849
16838
57766
40965
12845
29201
44474
48880
35207
8466
58952
57219
98469
68792
73460
84745
95542
36102
34282
2040
49514
2562
6915
79031
78208
38626
5092
46255
33069
88103
59972
13251
87771
91162
14250
73879
81870
20792
82137
3947
61234
82734
21001
2300
53444
70897
93129
26620
25989
1975
89100
68011
91021
84659
5755
77299
52922
38191
17296
46709
88959
56912
31416
50799
9826
13120
27971
89942
29391
27668
11460
97173
24137
40130
58769
97534
54204
85406
52745
98072
26794
73640
233
25132
53913
89746
29337
52508
31638
20317
49293
40063
59979
62507
32508
60323
71067
93592
51950
47573
19775
4275
10729
29131
59491
48206
39305
95560
67827
35049
34296
5066
26849
90480
47453
64463
59152
67581
76033
89475
24178
26057
96557
5231
28085
69080
21884
68523
95906
98647
5598
30551
49321
25739
73627
18737
82342
89633
89132
83975
38871
45304
55355
78964
943
6419
29724
34138
53223
79066
78657
11896
65829
51308
32717
99231
38635
81715
21748
10757
90493
53049
95314
95502
88490
44309
47965
72929
11206
67948
28553
38034
45961
46561
1609
80342
23126
96099
37856
30807
30778
20834
85455
93282
45716
78140
5392
88689
44095
46343
34904
26430
9017
86920
64876
76815
33008
22334
21977
50159
5016
80249
7042
17636
81286
58359
6402
21334
9705
99618
16458
23548
76899
66750
2868
20339
52382
58779
3025
79784
39369
14166
94927
38418
80201
95377
1731
23091
62573
78493
93117
20377
55102
12460
68423
22043
97066
2881
51949
31048
31547
7824
57446
71343
51301
18713
7737
93277
43824
56067
56287
4190
48688
42741
31389
46201
90908
70500
23585
45406
58233
91012
15541
45420
8012
19611
26458
90210
92841
70678
67224
88619
50773
99434
48472
91684
25714
81650
86030
61565
95521
97228
72951
28397
84784
33512
55148
47027
12463
740
39796
28646
2646
28049
88429
61450
90456
36146
12860
60710
71542
4408
41622
13996
76013
69610
88688
73055
6412
87733
54554
64032
50750
69596
9024
23075
1541
5035
62144
56993
82386
66143
2612
34702
8749
75759
33794
56613
18269
4283
81880
72611
60394
26244
66447
6148
60007
50337
5180
79641
56791
63467
67790
60878
21511
82147
32411
16029
29481
7674
82680
3760
90735
35426
74214
57195
4349
69076
11684
44374
19227
95577
35809
90465
95618
66365
33675
86546
3338
66331
12397
58218
38891
11104
76216
77335
85966
25255
14757
56667
3775
75022
7456
97094
38106
80310
32857
54663
64489
97531
55242
32231
60547
50424
47871
99251
17883
53562
50148
9519
53974
42224
97503
35334
53160
132
74194
49156
69902
35612
56154
92234
70248
25469
27250
34160
33856
18459
23617
68320
3335
18772
63104
20204
69417
82602
3562
26606
92270
41358
20581
80444
65427
25519
63239
16695
19621
66789
26063
16605
80212
12498
16153
64477
56084
37601
38654
5526
89435
55935
38704
96378
86308
82043
15032
61239
1014
80701
95576
51863
73555
78042
61879
97064
32681
50653
95253
47122
88422
94533
48763
30222
57245
88706
68568
43344
71317
58859
71091
5246
75368
37192
79333
11998
77090
41753
70670
35935
78307
91580
47802
16854
71654
65010
7733
88317
92612
97366
61973
80077
62447
57405
76773
8649
4988
13647
6297
69525
42905
88764
3484
26305
72585
18320
89259
81797
38991
99349
80909
71376
79465
17419
60019
18770
70697
99975
83653
87637
67959
74798
67934
97048
53873
85834
54193
46279
16574
27980
13218
12207
93307
24142
87402
9038
29736
31809
70544
98578
41484
29279
86786
45155
58142
98061
27391
44407
29145
33761
429
78369
21287
71245
78995
27693
60550
81387
71974
78244
5189
85201
9614
65258
16769
87350
45746
42601
33604
43637
90526
14236
98493
77377
52934
17460
6619
49840
18941
39490
83268
53120
32978
10313
25656
27071
7336
40415
58463
15578
86256
71192
35144
90517
24404
72734
67793
62169
36042
40858
35611
40277
42249
92719
71571
43743
60511
67387
90158
21700
21609
28495
19217
39656
63019
35196
11676
67482
2684
5559
17953
73724
13860
10028
33217
27866
70068
97002
23778
29918
80907
95032
4888
95785
87290
68627
15343
34987
66213
11125
72563
54978
15963
35179
90248
8136
38773
40312
9142
89180
60032
71699
91729
72850
76662
60274
17854
59343
94146
30211
67729
15035
39809
57062
1507
33664
96947
54487
39436
61016
222
86780
66576
70029
72418
68600
21509
96093
32726
23084
63282
52511
11396
75103
3616
92599
90249
95712
37979
42255
30299
95136
33745
74540
95530
6667
27515
43638
61842
9631
87958
52523
31425
1031
41231
6530
51755
99488
66248
97445
39089
36269
69696
63748
28501
17067
5300
39998
30162
59540
5857
51097
87730
45578
95491
46892
3233
40302
98664
12302
35421
61057
16481
4150
17152
96181
19712
41719
91385
52128
41139
58807
75672
68888
87497
26118
97685
64320
21050
22198
90356
338
33958
73134
41688
61946
34123
90906
53363
10817
70362
22988
94439
78240
26421
12582
17098
77695
64899
90742
55304
7978
14797
92856
83545
4348
50092
9011
28214
39416
66495
76032
59629
71213
34227
68856
57290
97862
59719
51988
90998
4460
20972
10874
19292
76807
26193
84683
21967
25431
44970
92184
5207
67435
92843
90543
84325
25896
63861
18626
51995
60167
76112
66835
1171
79852
37280
97979
30850
94743
26661
17315
99732
84940
72254
55054
86197
66567
76593
79082
70164
65105
29844
16910
34654
70742
12115
33713
61191
50542
34181
93791
28921
14902
54195
9180
51281
97972
66184
81355
19661
59886
26827
44060
66407
23490
17489
9619
16840
42133
3694
15492
92533
81942
46938
38293
5329
35807
15694
24758
52585
73522
98756
65001
20955
61502
82632
33097
85030
39078
42558
8005
82646
92305
92041
43030
39940
80929
64992
99794
74299
50987
47848
66622
13932
20238
58623
14687
18873
28945
4120
84380
56540
66642
25275
79406
87691
73391
52413
58715
35668
24134
76761
54150
78456
52409
80412
95757
36721
23144
61627
26509
2399
43839
79167
90641
70493
24623
44195
7188
53050
53197
38189
55880
46056
85584
40423
83601
15231
80294
46263
2614
34457
42694
97177
83721
62486
58053
94457
69903
63420
90200
47055
14953
95840
70679
97884
47499
76396
69548
43302
909
55154
23771
1385
28372
39609
40874
25873
37749
86077
27659
36375
18029
23536
7437
42371
67711
98036
84668
77533
12194
19873
31458
96361
71868
9867
78669
31836
7041
93853
65681
87423
58401
17117
32228
66719
37290
67414
26955
43765
20118
83576
500
17290
73557
20608
21530
31315
88901
84535
78346
50963
91187
82997
38320
11316
24658
3906
41909
16632
96713
61178
27251
81896
92714
277
31575
36582
91024
32082
23468
82435
22738
59911
97584
59975
79116
34001
19131
20573
33584
13121
17021
55235
19880
6581
56484
37686
34159
42808
24706
26029
78897
79506
73492
77954
29742
48914
95853
75133
25220
76441
11861
47265
39289
15290
86358
22820
77709
21343
96334
6340
13725
34600
19486
6816
34074
51592
19169
91801
50865
30350
68852
54492
36920
84048
78684
68696
12003
89654
54586
14653
44063
98972
13020
74119
40053
27284
65513
11488
76516
35327
16784
88398
19412
96384
14112
30788
83934
69790
20001
84160
95020
39320
46353
67598
93875
34142
15911
6385
33826
97396
89995
80095
58853
14271
20009
25378
39654
99828
58613
83
56964
30854
18027
94383
848
25008
1583
52182
3506
96297
31705
88616
14917
65970
53943
9266
55219
97395
81287
13876
23943
14860
86046
91407
41359
82665
26958
44277
84545
76698
34872
98787
66063
95295
98189
83657
41892
65405
60859
47820
92526
27632
75924
80376
98589
90370
2082
22095
10882
60016
2339
91462
10767
12500
42942
31452
61662
33649
44815
62357
70278
22392
13122
45957
88519
78924
79312
90982
63645
25420
57296
62400
95941
59878
66423
79917
90457
52389
30081
40077
14133
83164
75851
81000
41512
14915
79696
81554
92233
64773
55798
32658
99371
76037
26184
72485
32160
15899
10832
58764
28563
71743
6500
70242
38483
18512
96565
1651
88751
54364
56003
78888
34522
10337
57755
80439
18507
61517
7278
52538
73110
27464
61073
13794
42506
28291
59413
19540
69416
72259
91352
998
23322
91973
59855
75167
98846
9422
84654
12385
36419
35918
18848
67923
35613
90214
85901
2195
97100
99356
20960
69801
54447
98789
35860
72774
32855
90189
62054
66571
46397
76843
70977
60260
5259
57599
53096
51361
42314
27408
54634
25592
56625
30634
45762
68152
77802
68078
2982
69567
93197
99301
93175
6328
53548
21899
84119
44477
32433
91731
79576
69432
44977
71706
33300
95499
98180
44660
73933
63576
53639
29305
37010
2083
26187
20389
49703
11816
88537
27468
92469
86103
60862
27429
2546
35283
20847
88844
22378
40971
14841
31398
6645
53875
17984
53738
32128
43840
78682
97009
31342
52445
37320
37850
96158
56330
36386
53473
83172
30974
13666
38053
66790
43082
33994
81252
72441
75474
82407
74819
19353
73837
95784
85855
50586
81949
45818
66068
30539
70013
54371
66706
37468
38423
25032
97252
52608
32888
92989
74936
32811
77402
84241
40164
61911
82649
15845
7922
92958
83367
49158
69817
35764
7952
51894
2541
51937
47190
75642
53369
5285
19341
79607
57896
18126
59150
85852
88159
78237
35635
26625
8091
44534
49795
69894
93254
48535
38862
47558
23937
98005
23572
9057
57215
75864
93653
18238
95174
51450
41264
71773
64055
45798
93266
23382
95819
31295
14952
47058
52331
50831
24954
71762
1067
29395
24191
81210
38425
6482
99135
86558
94272
79925
86488
85965
91264
76427
78804
22231
88897
49056
85439
12261
46950
46771
23165
89846
39442
91027
30639
40082
13345
6226
13628
4880
50450
48931
95351
2001
96220
7942
70298
65545
82992
78401
81385
83842
75406
80585
18382
23626
76278
615
92327
22337
79477
90666
15261
84803
79964
15077
11421
13735
62278
31431
78624
60579
1592
32664
13013
37299
77511
30910
54132
53638
48246
37608
35642
87516
24846
62016
99832
51384
17680
44288
17782
12856
32234
69404
89247
73225
39059
93375
67991
11043
27197
77784
30767
88950
60087
93985
30331
57994
39846
43877
10085
88983
27278
62734
40663
32166
5297
50140
37849
34533
2481
8301
84773
97336
1045
97831
81185
82673
5767
12897
9527
9275
48519
72705
15809
91432
27593
1462
41508
54532
65739
61726
38083
38883
58020
54781
86653
57157
54437
36216
61273
61162
7863
52333
6595
41039
53089
46794
35220
5684
7096
24077
81833
32156
47934
8192
68518
89514
28838
56110
38958
48031
16847
89770
22067
38046
95761
97084
81795
25946
51923
24010
16403
2393
1607
84514
91827
39208
12568
34442
32453
46472
961
52932
33648
90705
31918
5132
17499
20121
42205
95312
4573
68989
37043
22981
20596
45370
94854
86964
69799
50219
17644
40951
57502
57605
1924
66678
53393
18938
17455
21983
36579
77027
84981
20898
99045
98106
14319
66620
95895
90913
80192
46510
62243
87376
1632
28830
15008
9196
19807
11041
89195
61516
27279
65446
62371
84519
67085
49497
70581
77016
6901
29614
78633
43515
53191
42450
67252
27799
16666
6869
89161
86402
84995
3529
18021
95803
81460
27432
64654
97136
56609
86275
80193
52488
18197
5835
84697
95159
50361
82473
78543
68277
25505
26222
79844
59195
46571
57675
17737
71111
19082
10455
92358
12830
56632
82009
81181
33640
27988
19925
50909
25972
56063
38109
33143
2486
10847
66221
51972
67902
92639
3874
51564
10031
20269
34799
42213
56718
62870
63003
18151
9762
36830
45554
35446
55503
9736
259
65085
10949
14520
12378
35980
99627
18073
99532
43108
25185
22938
3923
42219
61265
13474
58494
21794
20069
12758
72607
51032
14867
36133
80837
49341
63307
39750
96614
7850
46415
98709
61033
52588
32113
3227
66924
25571
70611
3782
57049
21672
42362
35340
57718
59386
69103
60732
87525
72982
94220
99239
49087
95978
89171
32159
13465
45274
11854
36788
18605
49814
98421
46689
42804
66014
47330
45759
85237
75102
62240
43410
7998
18612
5677
69184
16913
6666
30134
47588
7098
7076
4024
21056
36312
96613
79776
69312
26290
66912
12991
11267
82462
82798
35641
31798
31928
32123
26060
65278
69925
17371
60025
12299
66296
57185
1946
88243
34502
64499
98600
45261
9221
620
56077
80554
20462
18001
12333
54895
55034
49398
8274
31825
96180
2364
90718
40299
86836
30909
75500
82507
84157
97057
4742
13620
3071
47788
66714
1418
68322
51882
50564
60351
96675
68173
5909
55015
8696
96966
80900
90791
3800
3262
25974
5184
60656
78408
76634
7860
17356
98176
14839
42004
73418
93357
18700
96182
77481
82479
71334
6741
58246
26323
29630
9508
94660
96137
40590
8234
39463
1237
7750
73481
17761
16062
43870
71639
95505
48899
73974
51038
93437
7162
98814
55342
68605
40694
64203
72501
96604
48728
24555
63470
93787
47521
68908
7895
75649
42696
47520
96928
70602
39111
63228
69507
15862
43088
7948
50931
63837
91314
58771
76986
4612
13501
36998
74089
30151
14519
42568
28598
15835
77354
99435
44881
31685
39049
63807
85338
68987
89103
47937
69114
85613
59579
12051
35294
25741
72182
1432
19517
46661
58204
80414
62947
44560
65590
84132
5829
34989
88864
18367
56356
69626
9309
54965
55149
99487
86089
22477
49791
91812
1409
31771
33114
5875
76864
7413
75040
2975
66932
44075
57964
60827
8913
87648
73534
67743
51866
85219
18827
40534
97780
23524
75761
94107
99341
87337
30132
7407
99622
60388
68483
12667
24453
4272
37392
76622
10469
56569
62696
25233
42864
4373
24571
68541
14471
93598
51819
13544
95824
38477
56507
82425
13497
1010
5665
40701
74790
61625
29376
14524
22093
20049
38276
26280
20592
33685
35127
78561
33878
72521
62139
60071
64572
77651
51334
62630
2688
68761
46468
39648
25069
10542
62154
30190
23888
76700
93958
211
70169
29023
67609
89908
78202
32133
82628
24106
53992
93191
28267
19218
16236
3148
46414
73595
59131
45068
828
70727
34193
64689
63884
96683
80716
57165
66691
13894
30396
11883
65073
83520
46239
81113
10662
58492
35988
14306
97895
69695
5975
12930
11332
46432
9480
95735
56173
23569
24346
51911
18092
40688
15062
481
4254
58881
80102
53381
73395
75290
62555
7247
98195
80175
85336
52658
99401
594
31196
25963
36667
5903
10043
72973
6238
53963
95758
60870
72574
30583
65995
10100
52191
19387
17585
66238
93607
80836
11534
67335
80082
24397
21366
18812
43236
14373
2945
59317
53666
48616
49544
83016
38805
65487
85668
26127
65541
87187
4242
80466
21547
27315
74715
72842
38410
17625
89226
20746
36466
12372
2673
62760
44834
77886
56476
7877
54122
6838
94666
47232
38203
52838
92596
90508
24485
70138
46921
27277
77160
10179
78868
70739
76562
28767
16711
85802
30052
6293
87913
85343
56393
30140
16779
16531
92096
87528
29910
93352
81848
2584
45795
37596
84175
23418
22318
85984
4278
50989
25841
63761
70425
39610
30638
63990
55529
68624
89620
43046
76329
69541
63699
84111
13971
65144
17448
47872
33553
56072
90059
96034
56439
55061
69851
12581
25232
40292
64618
45067
23832
36021
43907
75885
54701
6470
22992
38516
77628
69590
57533
95429
41906
62007
98745
80463
33912
76827
72442
43558
83361
67328
75011
41335
57894
31827
70738
39727
28928
44563
71010
43521
10258
45935
70246
11161
89562
53728
60906
12121
4814
52742
93824
40838
24691
95644
99567
93249
60395
17919
16488
29603
27417
19231
53872
79056
17631
6443
6370
22679
2132
62103
43205
40324
27205
37352
18785
79061
34794
44884
43596
1570
1097
10795
81325
93903
88892
58453
17208
65410
67570
7375
59409
53813
2862
35012
44663
42899
35714
78037
58484
5890
59236
66809
69165
50347
14845
9743
41481
73656
51364
15646
74347
36975
50101
39071
77756
94456
15530
41823
96888
21924
83477
97674
10205
91927
44502
19370
41013
16379
68671
10842
62465
99555
8025
92052
36117
79307
30532
13488
90537
7389
85365
28377
92016
8224
20345
26942
50051
69476
31439
30536
41442
80784
4834
11693
53871
42014
49448
32731
44579
46064
99585
48496
95772
56461
94946
30416
31643
60817
23282
54091
70559
9927
45141
11414
77736
37964
58590
13007
47713
24062
35670
69198
65498
32900
67150
60596
96801
97145
888
68527
58780
41520
19229
73043
23890
63403
83283
74187
71634
65178
1998
23717
13536
98192
82552
78692
22599
89010
38045
84552
64872
94205
54408
932
642
67397
18207
80213
16342
49971
57777
92045
45250
38542
37763
49305
829
75819
66787
7431
61291
52889
72263
31581
29644
82063
42749
81914
31675
98083
86022
97426
57014
36175
20943
41765
81979
67295
33538
61587
53061
13585
72007
74223
18738
83827
49899
75505
45948
17237
94295
17132
71829
72711
65317
61553
11015
49848
93563
67473
78128
75714
30746
90991
69272
69157
17759
26599
16705
27267
53779
98373
48376
24122
285
38550
49788
25931
60239
54677
4202
12726
2950
30008
76833
95701
4487
15040
8002
2728
75551
54360
52556
25786
33961
81958
38289
70816
11596
89548
57122
82921
21487
29505
10688
40033
31372
62208
65468
65678
14640
60205
57799
21238
68878
61107
57045
86119
3289
61306
1437
7523
62185
49423
82854
46681
52502
12909
83581
90135
90277
27786
11714
83035
74227
3816
30184
44980
55480
54884
25335
75998
28754
69738
416
44672
60612
94276
5681
77479
99845
25660
87444
78965
29297
10706
3410
56171
10251
89352
98301
95021
4114
91127
21005
11090
40002
65548
94971
38813
35350
37819
55784
16989
3108
36608
14232
54851
35729
79519
79675
26990
82685
86286
73257
9302
75828
74477
42751
38238
83448
35344
3136
80993
27704
41157
90806
67416
51838
52396
56450
73498
10012
92028
17538
20622
91830
75267
9465
54560
27131
58740
43473
47005
925
60337
48154
28853
90876
6316
7411
69014
13942
27231
88722
37602
80557
64134
88730
60997
4317
31322
71553
99053
56443
97779
43646
18119
37720
46702
11716
75570
83210
22850
49699
50053
24002
35128
34927
44588
13056
39636
74814
67111
4220
20142
52416
69510
34513
95677
53572
68688
42438
11862
74318
47062
11132
18194
34026
62387
33660
46943
93180
30109
59398
3021
94967
14669
30153
32074
37427
25082
51558
37617
69710
69636
84521
35675
50858
62329
29063
64932
97974
5095
85782
20404
59013
49333
85805
56532
67963
70191
87880
7852
28647
88709
32444
44311
77575
9369
33423
61886
94601
15912
47621
60397
53377
27361
6837
34484
58087
14945
2218
63122
62398
52743
99750
48807
67802
13070
6718
48634
7880
82261
84257
17804
18687
46821
39680
76267
371
80364
78798
50178
94641
63916
10610
80874
320
89958
54561
10910
70985
48964
99696
9161
63087
73575
26450
46992
70373
93692
59910
67318
40733
30815
28378
29866
79539
21673
13168
21664
37028
79961
55186
42954
9327
15352
93265
46220
35262
36257
65977
4212
43111
39697
18406
61830
90783
8253
32620
79649
73286
36905
41110
48940
91148
91695
24096
7394
1221
14091
32844
25051
36127
42442
44242
98290
11837
89625
54471
78530
50563
50185
43978
87885
48652
9952
48969
25381
59023
69656
46545
61858
42323
46963
36002
29122
15618
20669
29143
55127
53344
82082
60819
35566
95006
34871
70120
11884
89912
37009
88105
85427
36009
42432
73757
38310
86625
39839
35355
8422
62418
60802
43415
34091
76128
94075
88166
84783
72479
94072
78219
18411
96472
72771
23309
34093
28145
58256
92890
15303
96143
10732
13375
73180
73310
54744
32520
25949
18285
47116
62128
79686
64074
97747
86425
94826
73935
97990
51831
45231
24462
48
72092
21756
23016
3533
35653
85795
9431
33248
79827
93496
23716
58877
41885
21206
3652
92084
33320
88846
16680
42083
25908
87572
6515
74619
62569
40682
54930
22025
4598
73928
20939
89497
98467
98359
67187
11449
16872
48832
89229
46627
29445
94452
68933
71541
778
47593
90114
30966
72792
12511
97036
49627
50044
63490
44009
86352
4947
18090
61697
88904
76113
76691
31385
331
92881
99411
15563
72455
71975
29051
78213
89071
31062
60017
30683
84704
17038
217
82827
27912
92098
70884
87496
80461
75362
60391
87385
96023
87384
31791
82900
57534
30276
63391
84643
75915
94323
29999
14821
32701
22403
6849
40112
70422
99105
85086
23967
2561
79258
21513
68912
65393
58548
22422
24564
86698
12910
37105
90292
66887
715
66934
15337
56080
94534
38386
61494
90264
12375
7265
69113
86293
16942
73165
48499
45162
8561
13374
7957
40100
96141
29577
31050
45926
67599
81024
58113
27950
59812
47586
79028
3824
17943
23514
3938
86123
11789
76388
48321
22379
33657
49187
37762
29366
86212
6927
4722
25545
88129
80109
57326
38987
58967
80242
19042
92337
28500
24290
48314
10587
79744
42925
84269
875
21940
46876
19885
56162
34894
25277
78811
36382
9946
46777
43053
62425
63910
61301
86312
62462
47860
29854
85383
81440
39775
45749
65848
96844
36906
89097
18313
18338
81184
45100
59625
87410
50724
94572
95117
90324
95818
7740
84336
27686
32918
28218
46750
89307
61434
61032
85445
63840
11120
11165
20340
25104
66498
79276
28786
30550
589
76959
20108
88622
31936
74412
80191
70478
14929
24959
89443
13212
61766
24902
8512
5762
52860
32845
84553
92672
25011
17317
13014
98132
6699
27813
5942
98215
68454
4021
48734
71080
54649
69054
2880
66327
81295
25204
95884
71186
91458
60080
54402
45160
28349
54980
63528
25549
63854
49646
60528
72533
35546
81745
34330
99854
24872
92656
27538
88620
50796
38819
48137
49375
35594
44514
74255
96860
23092
1904
29868
53147
65785
86328
159
57637
20101
38421
7486
71718
42346
14026
41678
73874
36432
34344
68366
32419
49367
34628
87803
88005
30606
88048
71596
47238
69472
9157
98606
29229
8058
14697
20341
94645
2014
73512
83907
8378
22316
66673
47652
20937
70557
4715
10382
50173
3131
57918
72151
63811
99298
76605
52647
42655
61995
29610
92488
28491
71674
61062
45485
36437
99050
74857
5647
18206
21706
66960
32096
69618
31969
2497
65510
20757
65248
67286
70815
66436
22893
4905
77853
5033
38834
14912
70265
43323
41569
8862
57435
75678
35190
91664
23204
6445
67629
66531
21710
33697
91599
10613
26382
72983
418
81175
10467
56992
11636
67653
17970
91566
31831
61155
12719
29555
96470
69426
31573
24006
77789
76845
80844
77010
22716
56695
41228
10776
8935
71662
95623
74151
31104
55323
23709
41453
61218
69055
20216
67407
23988
44286
61831
19107
21214
60465
52563
63867
89294
14338
98316
48196
52820
23639
50630
57769
87722
38952
95074
17647
13556
90195
56044
7599
84503
35223
29263
54019
58093
82735
60575
836
61809
76998
68341
69612
56051
62709
89943
18934
62124
48839
72035
97612
61757
16639
52773
30789
6848
75476
89839
35550
99792
55379
48406
7022
91514
60565
36414
78822
25847
19743
40801
73873
28695
73815
95676
52175
97932
92977
80387
72710
53618
91911
81847
74074
14194
81061
82803
45424
47748
88371
27086
66111
68207
54044
66671
63832
10994
82796
47933
13921
20315
60244
21323
36824
86862
37899
48672
48325
87339
14379
35810
1517
64885
49111
52169
14074
34085
92162
50184
39972
37263
6707
42269
52437
34353
75937
99540
33703
40150
69573
15546
78710
89773
92174
34326
39228
12858
88933
48988
12713
12826
64566
84923
53681
84850
3494
73013
87963
55449
543
14141
80566
99925
57246
57374
53137
39327
88976
12317
55364
78274
32061
83817
46759
74863
8105
90314
68563
70997
50080
11826
95867
42687
6064
67856
35536
28987
22919
83563
63619
54310
51676
71469
88646
40050
4762
12195
22705
42300
36823
90247
23973
95435
4474
38453
47647
74121
76076
62004
87325
97602
89988
85080
18555
42448
43458
49197
57238
43490
29024
46132
16155
64069
26411
65532
23591
31901
72181
63892
51260
45983
1986
5859
68100
75694
75087
14456
71910
77408
65371
29601
3973
82736
81681
95602
43875
68290
45543
38433
31892
20354
73773
23082
18407
73958
49884
65344
98889
76235
46167
11843
33459
98968
87538
6787
51478
73001
82973
53998
10227
7091
70931
23901
93499
37512
46363
72767
53136
63913
12925
24853
33004
196
35866
31855
13233
39069
57088
58450
73898
64958
71897
2509
11659
76613
37180
2821
89892
82318
63061
10194
27795
18524
28909
76592
4780
84406
63094
76579
96179
2071
84759
86984
82596
69050
40617
91209
41965
28365
85374
70047
20177
21038
48890
88939
79620
84992
94159
30474
26582
83495
62695
97947
95596
57141
79103
25550
80354
51464
46055
43074
49524
5855
88765
38533
512
66305
90976
49219
61505
43327
98291
65872
35473
83294
55759
86500
34909
18301
91346
57617
68465
90741
30357
46411
72871
93035
48322
34568
33902
88941
84266
62805
16259
45599
80755
46641
57926
50175
71356
72704
53240
91984
96095
63582
88671
57840
53617
49823
9894
12123
31422
26904
76466
34199
52958
41531
14736
35110
91888
78770
73209
97959
9686
88711
68959
63852
87485
72428
16428
73691
9795
6788
19171
29264
57387
84332
61605
66634
58222
28653
93056
72279
21659
81435
58019
60891
56149
29643
23824
78566
87105
5518
68177
95918
72870
22971
92602
23046
48973
26778
15220
13979
50778
35029
57395
7844
96611
69096
73128
21146
69356
58470
55516
31788
44190
8475
44676
49507
16813
32311
13151
59175
11126
24984
56014
68569
19037
61316
78541
9326
77163
57968
69465
50873
70781
86405
59699
18283
51233
8738
27713
68045
98144
89157
81899
60502
67061
77803
12250
14088
71835
65771
85914
35210
99690
24433
94796
61275
13505
69044
3046
77509
72994
25197
95944
98414
98616
87505
66940
65463
50366
636
85298
4610
15042
70383
19413
84044
69942
7319
48457
83694
76676
70950
91619
61531
64952
84547
43449
63673
59145
29715
21552
25358
56551
68644
6806
42589
38649
40139
12242
12778
85205
16185
17235
36532
37107
99616
90750
96190
38342
58697
43485
52536
51396
81480
21716
648
30717
31294
46184
77106
84811
33845
23540
9961
31501
59956
2241
21165
22042
72922
31073
36745
73982
99223
92633
51195
66144
14315
18048
21595
30827
5498
65964
16067
45355
26425
56213
64639
31123
23286
76721
58525
23703
59306
51629
7283
93488
71670
80499
65228
90435
61083
77157
2145
69744
90554
28926
23104
82278
83917
91454
19110
53097
39394
5750
46625
27690
21980
53256
97973
80971
37252
18768
24955
69333
27925
23900
44342
26273
49204
68643
47145
5709
80445
79024
66771
94132
36384
38783
10199
54835
90193
20538
32714
31171
87011
5253
97304
99155
71388
63754
73514
14226
38337
36762
63679
10931
94612
36771
77332
66335
4651
58907
91924
56230
47920
82371
23457
15849
6655
9660
81361
5257
96697
90300
81846
12994
59283
84913
22356
74455
54850
67207
82221
61285
5565
21442
50599
30673
98719
46237
3231
27667
42633
15883
41578
68104
19587
75266
8844
12578
54213
96956
47392
41099
95026
32765
2796
83565
38267
24186
27613
61102
36359
63933
7313
19988
61709
14856
68536
32946
99846
36914
46287
53125
24215
29407
81630
31840
72459
43282
63738
28777
37827
69816
30207
84295
24220
93124
59455
8320
23042
40430
87422
27969
48226
72606
28338
30335
79399
69337
35841
44135
67667
54595
68984
38158
41031
70172
76008
42977
90871
6359
39269
35545
99271
61999
81508
70073
60951
84585
77149
26390
64923
67625
14806
87602
85198
6767
30941
62823
48308
5331
47324
74369
55455
66583
73157
45507
49284
97523
26328
92061
8915
75481
58968
78413
34975
85642
46151
88030
33830
49549
4591
5558
5742
22636
27673
66937
94581
36901
23310
31150
67829
10814
7713
76991
11910
78910
10246
3084
56382
28199
14241
2766
86165
35524
36396
65972
89367
56538
56523
25315
55811
23625
48222
95478
71207
98708
21724
30978
45572
28964
41497
60783
23845
35534
21233
30631
64282
72680
73615
84378
80367
67272
13643
61177
76461
39722
28483
37395
35208
5546
85015
87796
61852
18402
12399
78570
62688
90220
45690
29683
67682
99801
50697
61552
19296
90693
12474
7975
61634
8846
40572
67819
61071
24519
71951
58850
28217
88841
92570
92961
61865
14624
26739
46481
63994
99889
34212
41786
46523
20616
17049
87547
19847
69726
58672
15662
85452
35813
60043
33863
78353
88827
52994
89150
1941
50695
21348
26899
74365
23066
91935
49666
17749
84574
51086
97028
31382
51379
82715
68093
1364
11617
40510
93545
83637
71117
80420
91671
73337
47557
78055
52097
52109
87170
84349
34194
32540
83430
83156
82767
43982
72731
13195
52374
37012
94145
51407
15633
46616
85716
72908
4221
34646
475
63314
18868
91241
59080
11820
55897
48655
68427
96554
4956
54429
72194
29598
9839
16949
81490
46604
41103
40673
52226
91860
85937
39147
609
10835
71559
36604
87169
86969
67995
29541
31709
94840
57457
27561
97566
71825
72601
93509
50645
12013
21726
37473
66621
43413
31522
13853
20529
37035
58520
10029
74443
14780
61742
33318
10259
38482
55441
73082
11467
93514
28234
14969
98148
2189
34134
45791
46332
80014
90815
97623
5970
80685
91189
76731
4616
42876
9476
93584
18761
53607
10872
76467
79358
94327
62747
88441
38753
66959
62991
51039
64350
10151
1522
71485
51057
31364
19157
4198
65860
72258
27574
33722
47428
88966
31718
801
41327
5107
97258
26463
694
56756
58856
33628
64099
59573
44433
34337
27921
94124
52060
89543
95166
13135
58857
1749
22389
73252
8828
80599
66833
21138
31110
28323
47377
54198
91088
61646
47149
51409
1515
87288
22574
62773
13175
74234
1713
68369
83562
46245
66233
40631
25938
25802
79485
64128
33992
33938
50968
7590
33663
72875
93239
22012
22631
74607
42026
70213
17590
85648
2583
5046
86078
76599
9210
71086
74583
5849
41055
19918
94215
10534
34727
29228
36803
27529
92356
55869
19796
86562
66550
183
89752
65677
25622
58066
7698
41886
69935
25391
12091
803
69101
7938
69398
5130
40704
41266
8814
65399
14805
72224
37741
63900
98849
88891
21697
39785
85352
10132
16226
87728
24904
24600
53967
6467
12476
97658
2537
73762
81719
59696
66768
87051
2876
84799
91970
1913
16737
93877
45755
97392
46694
33479
3806
86217
77437
65953
1610
3128
54365
37710
72904
42857
26552
9574
47639
20719
16892
34175
41414
62125
63300
36939
47625
58605
59234
34340
18191
42765
93389
54627
38408
35455
12866
33374
23433
8734
53919
74896
997
26612
30862
28505
15853
7628
17281
96304
93971
21062
35969
60111
81364
72369
88220
40992
1597
35059
93613
57393
89549
75582
78522
94211
34781
69856
35261
22715
18608
77477
83198
5042
93849
87580
13116
71705
39797
24027
25861
85872
60145
10852
97110
10123
27535
31853
13004
49463
91813
62857
43738
61248
36878
34219
94183
80976
30691
23657
22485
52669
10222
45218
16511
45882
98907
33425
45772
41334
30802
98234
65336
87694
22443
60095
42239
42799
20894
35930
50617
19121
42823
17738
98207
34877
55565
16060
11701
61688
70940
93825
10615
74963
60445
84176
22395
16552
45886
31740
97628
94101
5725
76527
21624
9902
50312
50582
21945
31217
64231
80177
6999
27489
12201
49653
15385
61976
46726
64225
25093
91702
40115
40387
11228
72059
4209
7239
77786
58830
12230
68031
75395
27557
75786
15992
75120
98200
82259
45724
99148
9374
34183
12611
7693
10923
50526
35204
90652
98423
57126
21333
86237
75973
90117
33752
85127
35130
3211
42215
2110
5299
19810
40386
92259
58893
75844
77874
28484
86404
52249
82363
66746
19047
74926
4318
5389
32107
93682
6854
78531
76896
40426
97527
59309
94897
26333
25003
23786
1764
97415
40215
21611
95296
41679
25513
37795
20189
190
17172
91195
84644
68789
41008
45329
36775
70310
30113
63556
61383
76028
55947
70335
82623
410
1974
71961
55381
59639
25675
68915
77816
49973
46100
63378
92836
79753
98630
70378
45773
63266
58409
36562
35487
96290
43751
38934
62295
47654
83830
87876
22437
59939
51025
92544
37399
25968
33196
64841
29182
70095
63755
24305
73709
22998
7643
13690
9608
29490
61619
98758
54392
14155
79400
24393
1545
11573
78278
34900
45007
43704
19291
25953
56333
74806
16074
912
65816
92552
31871
33505
45610
79430
84729
55018
26389
61596
88930
20398
26291
51488
54336
88703
45901
95956
38230
59458
22228
82102
91880
43403
8268
974
22317
24895
57860
60962
79344
61860
6865
30840
97724
55194
43913
32626
61247
25182
86810
70566
78026
18557
42437
501
48181
65812
27660
29041
30880
20732
42074
75268
54724
71819
21404
17893
9146
10961
40062
85892
65535
62171
21417
47286
53804
93439
89821
80009
47823
15710
62868
18186
75255
82542
71446
65751
83412
55758
79469
22462
72609
95363
41781
44855
71953
96037
29184
19516
8977
49511
98796
90767
89034
93042
19997
55418
81731
37811
49174
21569
34942
94245
44555
99068
90157
18032
96520
56114
4401
56183
7180
53929
42118
97456
36893
3112
18225
6266
2338
44511
23399
95569
78707
23027
38063
29947
57993
76088
95103
82974
82501
48318
788
94087
92546
38578
9470
6804
36084
57072
14051
63068
73090
4285
30785
51764
902
95289
54807
56970
7459
38984
2745
17055
48361
77042
3333
2894
69077
57285
6187
47384
14125
2259
35753
37656
73786
97358
78817
65560
97372
92929
12468
5901
97575
38221
59171
69163
61133
26320
31617
55140
67537
73547
64632
53116
69711
71350
90346
74117
42169
99047
68075
11231
36088
85864
2499
84720
28126
44731
38455
42397
3168
21872
99726
85496
34730
91486
32019
1736
72384
76353
16444
56049
45617
57100
7855
83993
92720
89518
850
23790
58327
21603
63227
92035
81476
62937
57960
4195
68881
14739
70651
60753
12516
25814
84718
48411
48726
87897
52049
35461
38795
42370
96706
6512
52321
28999
10305
82569
74138
74096
78883
34355
88905
9188
60644
74518
55933
66539
63375
16358
34380
15735
72438
23892
78453
78586
15192
6750
75385
38935
25816
59605
13670
74441
18573
66538
38661
91851
35812
91904
96990
52720
56811
51888
51111
980
84889
12309
74480
36206
54743
19745
97041
14608
14019
89213
83165
38331
90604
46749
57054
93420
81830
47590
69940
88958
2090
63937
59607
23631
19573
70088
98093
97547
39523
71641
65187
9184
7512
37216
31210
21805
61918
58423
31822
47075
54218
63410
26449
47347
93316
51844
20215
55159
52848
56238
42738
9163
42934
50254
41808
63079
44454
53556
45292
31992
40851
25075
42703
93455
95985
66777
99796
58498
24375
72911
18439
65927
77735
8155
6044
33101
66882
77068
68150
24614
22077
64578
56235
69422
1041
76142
74388
61541
44229
63011
4394
72333
61597
43157
89482
63468
67159
56850
8035
41784
53022
70728
80868
97447
15063
88849
62529
99879
33871
12957
51699
6302
67365
28257
73328
48639
83011
37808
37804
56586
33616
82773
80492
47865
54691
91296
81317
45733
83629
80931
13243
83906
38461
34752
10282
52630
63701
25853
90737
81169
28184
12386
65266
38500
25116
66474
4386
75199
33075
97204
68087
77069
54639
56116
94152
2227
26590
37344
60838
72152
65315
30193
62355
42592
64653
24914
64061
7385
21514
14196
45673
69624
77806
67553
8764
56785
10640
51445
30501
4541
55628
5471
9828
57413
90672
22692
823
36134
64138
60241
30198
95405
34992
39937
68988
70705
14170
55032
24475
29040
75136
25459
48966
76861
88238
81768
69256
1032
39149
41975
64250
43568
93580
98174
853
66943
64390
35002
54303
86318
16219
78069
4419
26906
92112
35479
52171
46352
36394
60681
43903
86403
2160
29721
61849
86431
910
55137
67249
57681
27189
23613
93207
86863
35805
3568
3243
58858
71056
84510
69747
98838
51853
42416
92777
21962
84597
16681
36431
47424
14555
46066
92250
71188
9899
36886
55345
64478
79404
8792
25988
21197
21040
94305
28276
59083
22735
98221
35582
45844
67927
4149
55748
10722
46416
81152
71691
80972
80578
91411
10021
27403
8010
36201
88654
64607
16372
47408
57266
68689
66268
35984
25249
32046
593
30255
72694
46752
68056
6343
76243
67531
70366
98938
67664
137
56130
23355
44794
66796
29102
29079
54082
96283
15800
42900
27287
46049
49981
10263
75931
22510
6363
14334
13596
91422
68918
82424
50017
20218
30374
14907
3774
66630
31088
93631
61921
13086
29597
16125
99511
76252
93527
60177
34873
3292
59316
1899
60779
56851
29243
96454
24332
3622
32203
36684
53868
71436
5309
87954
43189
71964
75534
64918
31810
37551
40820
74733
55460
13919
50701
77858
90368
68619
98388
60494
87959
29465
62149
25254
2709
49261
4995
81198
33652
90162
10172
25421
74163
52939
56157
20433
35839
37416
79155
20193
48650
44047
10441
23812
54981
42560
71536
58795
8781
83503
95145
79016
9732
55409
19053
55660
15111
93737
29970
52814
90946
37571
37368
82697
14224
28136
87723
53938
33404
36035
26069
54997
90566
15572
72016
23338
77983
50493
30816
23459
81100
24416
58788
82377
10561
66219
59433
32733
52969
88069
67932
2391
58415
37201
48387
19630
32592
91084
84330
26627
67420
25310
47628
24512
30456
42510
8864
77427
32963
72015
81078
65180
87178
95815
2095
76227
67401
76378
22281
82863
33777
62032
83771
32354
7927
83847
34246
26429
59546
6744
89029
94371
42941
91213
99962
59930
30086
62245
14277
57711
71360
69411
85418
48476
94646
60133
44922
88816
38231
41700
22060
87804
17092
1696
994
3574
29783
67149
80771
91396
673
32171
33309
41169
21099
23498
84252
89986
91928
37559
76192
92916
39812
29959
57073
73798
41613
24911
77151
57959
60134
84895
6367
58544
59976
79612
40003
27811
41732
95656
69301
47733
33932
44736
94828
30641
15610
39525
77212
53891
3873
82482
94964
12342
61618
75967
76302
22960
48108
48580
14472
5949
35165
71136
70692
43726
37860
40176
7717
61268
32519
66373
4132
67052
71035
2801
71918
64015
41040
25925
88338
55697
9479
47764
28142
68797
56571
17885
42828
58524
42264
24922
31829
72451
38594
20287
20008
35722
80267
80274
60151
8810
9281
48717
90592
8164
61606
85770
39604
82450
9423
46082
921
74548
37326
7189
11328
6958
83250
89465
94283
98737
63845
60725
46029
10863
49832
7706
5913
20929
99286
92920
9069
67981
95029
60864
13756
65143
60984
54324
27542
82220
59760
82583
92285
81032
82235
44836
53628
43353
54366
58158
41867
73160
91570
68441
1822
94625
8179
82074
51621
33884
37109
84258
39866
68857
41320
45213
15807
70456
69127
4020
81744
98223
10668
57889
97386
77577
33800
2044
75790
42486
92208
31274
47887
44460
55008
85931
68816
16486
99922
36441
63233
36634
60321
38020
21234
81613
79171
16208
42609
41308
60120
13206
36739
35852
54631
39258
12752
93554
36341
63241
24920
11242
87635
19763
47262
87933
73056
79655
78189
68431
95458
36076
79376
36374
52856
35845
87412
13970
97771
28930
77313
53324
87995
54171
8532
83196
4211
86902
81362
9463
13888
3794
66306
60597
85286
37734
51060
29772
97389
44801
14154
23825
50571
40978
23254
48052
94231
16692
18246
12566
11224
28836
87779
9724
79289
88425
19547
7795
5601
64214
9524
22656
39248
28787
51743
94551
2034
99067
62780
98710
16750
40276
48828
25413
99058
90613
77411
35604
42713
67611
27201
7773
52357
72567
46467
82216
11687
60540
22646
18841
22917
11604
37947
86484
46559
36017
69494
17103
93725
36016
23781
56428
84633
12098
45473
16571
75426
20200
6657
14442
18655
36859
53584
63306
87498
75826
45425
37539
17723
36329
77249
23770
51934
89295
80803
26571
15186
75948
96015
69617
37163
27570
76656
9173
24157
55809
57449
66118
74225
83209
54803
72141
19259
52011
87336
22122
46909
8732
6251
23858
18735
62110
67545
36090
50461
2353
43200
83528
38462
92882
56122
75692
77829
12593
20417
89864
53795
54274
10262
67841
25759
66158
77003
80202
89053
32723
2951
98037
68709
35865
62458
58622
98824
87049
73977
36685
26249
98130
78581
32991
78790
61002
23696
66909
70526
11710
27210
87879
57632
88423
84947
96475
31078
25434
99172
86655
29066
86914
11433
78869
77490
50654
33173
42421
69407
74124
85094
65782
47632
75735
70843
20082
34882
34916
76759
60276
79821
70285
80510
61873
2152
37614
55595
65769
82040
46862
14921
8575
36123
81334
29952
73721
84567
33429
21681
40908
55446
96616
58311
57332
20313
37119
69389
64311
99109
36569
76493
61506
47737
83596
44049
83606
27797
16209
74631
10270
56256
46773
25693
29770
18662
22412
23278
73876
99699
22965
91634
97586
61537
32001
50008
75568
44573
5492
24264
84006
40380
17653
75611
93099
56959
99610
98418
58640
78577
90498
41552
60262
57391
70042
1658
68312
36791
4775
66947
44590
32483
15148
42153
69217
57462
37080
59836
23353
51191
21568
94493
35039
9006
63926
1879
62225
32406
47574
95352
46488
46031
9023
68955
73909
11547
77876
83974
35572
47554
70339
71025
51623
54073
78122
60847
49943
43683
16471
97999
36881
58342
37082
91005
69025
93989
33517
84766
14817
77464
16000
47061
15459
80796
3236
34137
31164
80807
13705
71456
700
38213
70625
88288
88416
34538
83875
21602
4877
20636
71724
82430
86192
81001
87029
69117
6235
65308
62701
19232
30293
14222
52775
55227
55963
94536
56660
25375
88185
1567
96685
12198
88267
23398
68545
17714
90866
98444
38464
99486
25563
27559
607
72311
48908
80559
80504
1185
48030
4878
14228
11310
80615
3932
65396
57585
87349
742
53780
2634
98722
20316
30291
85209
54231
87450
38810
28878
94447
61535
1002
68694
49874
63967
70141
68700
1400
44436
13695
55847
95449
33085
98417
63443
166
99046
66161
57013
92126
38147
53764
60139
34586
77435
92542
96870
87341
71537
32372
86269
62887
85885
38245
21847
18765
81850
90035
69628
91560
81035
1446
4189
12944
52837
46380
41355
76659
761
73360
70464
35298
11154
76791
69167
81767
70167
45720
58584
72503
38590
21790
90761
47175
42056
49326
93393
65646
66829
13025
5590
5597
25216
49796
43629
53488
83421
85978
83687
74528
47419
41615
3700
59747
7685
56896
70754
36342
8461
12485
87818
43206
87758
55945
4442
80624
20893
41199
4035
22844
32643
10355
57226
62577
33447
8979
84210
73577
66386
7048
48438
40362
52750
6025
98726
22315
8156
90994
58351
73899
36883
8890
55690
31877
5334
81796
97019
34959
62532
97330
18690
12484
71533
93500
1050
60216
77759
1559
1362
99003
51871
97613
24697
34210
72260
42879
96570
79382
80167
55607
80729
54651
28354
17663
23821
9034
48207
62754
40558
59967
33344
37036
24344
53962
72839
45519
20582
13272
55991
6609
78209
5063
52138
4608
66084
7358
60967
10562
48013
49875
65100
33379
81547
31686
79933
27232
37357
22352
91414
43467
26356
76680
64331
98434
76110
67349
97311
45525
10112
39527
34686
63616
67586
20107
29017
36526
38450
2250
34847
74253
26852
50581
55239
16941
31677
82856
27145
89863
88253
8055
5332
2628
98741
70165
50619
62807
28780
430
62603
21436
6551
79135
63499
82742
39524
84928
54747
11963
19285
42775
28054
97633
47170
63177
81025
4963
35485
37184
32012
5920
34323
23060
42550
40498
15139
347
32601
15460
87523
24350
70429
64708
58739
25463
76903
29636
37818
98498
2660
65383
16922
66432
63921
27109
8467
13357
61540
64675
75062
21702
52461
17842
51083
73537
22039
76399
29993
78695
99334
52825
32302
64190
6125
60268
51784
62979
60807
50152
31302
10956
24531
94916
39555
72209
45021
90486
11409
43421
15879
16845
46552
75483
26459
18423
28453
10055
42904
20697
15230
34492
91203
50816
53434
92452
31614
74266
54514
72848
48461
43250
20776
29408
52955
30643
29700
62431
1052
17735
45451
11292
744
85106
95948
97186
90030
26367
96806
92799
25446
98046
57567
36777
24240
62960
79549
45436
8134
25286
45120
89799
88152
79284
26242
85643
49921
6812
77861
51041
48378
90816
23048
72910
91144
36876
44990
23105
26324
91100
50849
74203
19096
24958
12561
82096
4793
21107
9679
3239
1921
21117
64438
4745
3797
39133
40017
94640
69855
40943
90118
47868
70453
92177
45920
81150
88592
27706
1630
66027
91653
93355
55349
82247
7862
41642
75029
69713
9833
97122
24725
76933
70037
41962
67947
99336
53528
55787
19295
43698
94651
12129
29081
8126
96840
84485
13390
13202
9661
66399
54432
33974
71534
45870
52283
94834
78266
31235
62260
6696
45730
53109
30418
52791
99232
96838
58298
73774
10995
38529
33762
75640
21045
17685
83431
10714
76716
275
16360
85443
27054
67562
63096
70974
59730
83082
31914
28779
64588
52102
66482
1673
28449
24325
7819
85913
52452
75541
5832
74968
90194
58320
14204
84191
5972
65363
46956
71915
15786
59703
77697
93233
24530
38168
79647
39577
24637
77610
405
45715
24967
27998
36071
38584
6950
81034
23407
7638
95601
15736
85315
29771
20713
23852
5029
98812
49623
30084
25424
40317
14761
55029
8448
41424
44780
57527
8173
82634
63235
5397
67132
32135
28080
42228
51691
6596
55925
1926
95566
28902
17497
20294
59278
72511
34929
75092
65167
53251
1727
41087
21670
97322
97666
17263
16788
38515
75438
70841
5777
79017
94157
90140
49984
12400
7691
59634
49361
7605
78594
21413
442
39068
78831
43783
89870
45575
579
2258
73867
26992
6881
76997
48517
88447
99409
89489
32169
24834
13021
82028
64517
97940
14881
35778
20826
78323
92726
75176
97207
32962
2898
12470
17127
20030
83137
6516
13463
8184
39635
92225
28558
51171
78410
67133
39584
7464
41057
17796
1491
13826
30319
5252
98696
46825
62899
61059
32964
89353
90625
46836
79253
23017
21852
32814
56823
69961
90126
36118
94232
78787
70377
42616
85059
95523
69032
1139
5102
75559
96513
2228
88008
33718
95810
57655
93851
21352
21974
88494
92484
99192
8858
38964
86214
37792
4756
23616
62046
24087
94775
14273
40715
67379
30364
59258
55273
29434
34717
4866
14882
57820
29475
82842
28644
23547
33646
38056
18355
15344
18129
58746
95121
91556
79149
25941
42597
61364
48296
53486
93421
84455
81049
5237
45259
44924
51670
704
81959
34336
41889
34096
75005
5688
64083
6861
95507
36060
65557
74992
86982
57936
83382
39876
50643
84548
74237
8204
24454
4624
11894
62331
81373
70597
86199
66465
61512
33577
36728
94891
30012
88149
75300
96544
20964
14583
42871
89708
43366
86924
71577
96139
98698
27540
82173
70506
56416
70388
19368
7580
12583
45130
20459
97427
18656
66217
6461
25273
33798
64863
97467
4139
77004
11349
55683
7171
4124
80601
94206
6062
6734
72681
83173
25242
87148
57470
51313
20246
95223
17166
53331
36896
32612
42831
94184
10952
41869
42029
9960
79429
74156
37099
85197
63529
30666
12481
73930
63542
6632
96309
25982
28293
58043
82733
9796
11249
76202
38435
9569
27168
46206
48698
71002
64077
94926
85262
93032
9669
88532
52027
88463
8333
66459
38924
3604
79829
17781
10004
50723
87533
59121
15354
37622
47304
25110
13229
48255
80401
68900
78218
49043
55742
49964
99661
68390
43461
46094
93041
97285
83111
28481
53238
40411
9748
22951
46733
85327
36587
71181
75422
94476
91426
70057
60702
44637
58829
75475
15102
38070
7711
95151
84743
54126
88273
71925
48239
29839
79789
41167
69540
17612
70162
33620
70992
12271
21778
10535
57401
33548
16009
25906
84892
83925
66808
14070
18272
47455
90490
66627
2403
47963
48617
65762
4819
69887
26066
36732
27903
6206
20742
21816
25332
3077
63070
69514
25765
76958
29178
70424
2244
87721
56172
82055
60677
82270
97778
2750
44111
31252
90682
58684
48887
1193
14607
86070
59838
30622
96659
88566
13111
14242
67971
13210
32274
44291
63703
31310
60640
20561
40927
95369
78741
62636
64900
44011
53454
91847
84625
7473
12445
16945
82704
18979
84808
77499
78725
11839
20109
54235
69299
24559
88718
30443
32593
52324
26889
33541
44695
70386
50966
36842
96069
37185
88279
5087
80501
36144
60258
85376
98081
1872
49870
10743
27316
64593
68965
10953
62781
29968
40219
99684
91955
87399
82232
76101
55507
26163
33136
57503
97369
83550
1289
99139
65567
30668
56491
11003
78915
45347
54214
5846
94687
36666
18465
56583
19809
16349
58122
80830
92472
41598
40490
99885
86393
41029
43798
32080
29027
78599
52029
3061
2989
64483
59803
6280
95239
60836
92108
77520
68091
22266
68153
65514
14467
29849
29521
19806
12449
4434
78938
23808
67157
76024
82265
16973
43275
44281
94851
30329
63006
44381
88377
97994
96162
2409
58981
38427
10681
64834
2747
21606
86392
56529
82889
81562
57642
37698
5187
11728
80540
28359
15170
48777
62081
30819
48594
72700
14686
94390
72162
11333
40934
57584
37125
1403
48714
67020
78931
53353
11886
55588
56127
64967
88155
61318
27585
99860
91758
81757
16672
85145
30698
57093
27926
14564
75453
16365
27362
28950
52244
86304
4445
60503
49645
82823
34494
53380
4060
21119
84439
72879
17826
11712
65368
70986
52316
57679
59561
95468
27791
15007
60413
86775
92477
68311
20414
69366
46216
76550
52653
45090
63544
42685
60536
2771
88192
98346
47327
8122
91343
70998
36126
32549
48187
59344
85975
71520
86935
70197
4790
3175
68473
44395
91303
29975
28607
34110
87862
58716
39487
71310
21459
77376
50281
7937
15510
93243
30864
53153
60487
47947
9886
1553
63397
6924
8836
73983
45368
85157
77565
55781
26490
93760
49083
62898
68513
47888
14025
33362
77669
22538
40532
94936
58491
98517
26218
73228
80821
26461
48894
64215
5923
89154
29244
25516
8907
89310
19070
89803
13991
61148
54990
68651
36100
70065
74460
37705
7208
39952
88231
77667
6888
7544
70499
8107
28210
49510
79908
51240
44929
8487
4287
23663
32715
95070
93376
46971
21139
62467
61125
70629
14627
13039
9782
66513
3900
16223
20381
88795
56626
95378
39017
81631
4010
33431
12306
38716
60726
95153
20797
50810
49954
2618
52885
55087
85386
66274
11929
82928
9186
55310
60298
69683
28867
91680
38799
39200
20513
47056
56521
66222
17179
29806
45309
77872
86565
38829
85883
12843
77006
65026
98095
76147
15744
31152
50368
65083
57224
77372
95418
96497
1302
25990
82378
33495
47256
72053
7338
35581
62675
18913
73076
16049
36887
6193
26846
96335
55437
26608
87375
10630
68660
48085
7125
93802
29764
96339
292
52261
54433
78587
82933
33438
23183
25692
5811
68951
71434
59504
98464
48015
29846
94911
4390
15487
48542
62019
77676
59182
7281
89999
76354
1382
44002
8214
1493
19358
56497
75030
65668
70034
12819
24585
20457
68218
49178
50523
92290
92122
16323
86423
86974
58886
76059
26704
22019
90081
46209
85288
4147
78539
73199
33701
32459
7302
13645
35014
54030
77738
61521
97107
66800
96843
44976
79712
73007
99454
42364
90111
30116
69883
23281
78402
34728
97971
57680
78660
41738
12251
34660
35296
80808
76331
2878
5886
43436
85130
33788
68252
76078
46788
42574
73364
25709
87763
92850
49673
8778
75332
63803
21411
29576
5655
92532
72041
80022
66496
94782
91541
60018
71183
14457
26301
25819
35902
92577
3974
27235
79694
19376
57212
93477
20074
45079
39769
